2.16597822e-02,-1.89359054e-01,-1.16059696e-03,-1.05239443e-01,-1.87943876e-01,-1.01347506e-01,2.03355476e-01,3.07104085e-02,-1.10580936e-01,-1.15054391e-01,-1.79597542e-01,-1.90253764e-01,1.43598944e-01,-6.07319251e-02,-6.91126734e-02,8.85584578e-02,-1.68827936e-01,-1.64799839e-01,-3.66294831e-02,-3.30646224e-02
1.28715873e-01,-5.79432249e-02,1.97239697e-01,-1.34290054e-01,-1.97186038e-01,4.67618667e-02,-1.59502044e-01,-1.12015702e-01,3.22088152e-02,1.55812189e-01,-4.87164408e-02,-1.05431423e-01,-1.37349829e-01,-8.02096799e-02,-1.85610324e-01,-1.55101910e-01,-1.12554193e-01,-7.67180398e-02,3.84084024e-02,7.03951344e-02
1.25662118e-01,1.36616915e-01,-1.07815191e-01,-1.97558343e-01,8.60543177e-02,-1.14387974e-01,1.29985258e-01,-1.29703745e-01,1.98860988e-01,1.74174652e-01,1.95967197e-01,-4.74799760e-02,4.75559346e-02,-9.61497519e-03,-1.41647846e-01,7.28588924e-02,9.98997167e-02,-7.56077841e-03,1.03098050e-01,3.99035029e-02
-1.28075510e-01,2.73915357e-03,-1.33939698e-01,-2.49126218e-02,1.39927909e-01,-1.39860347e-01,1.72118545e-01,-1.61768600e-01,-8.28463957e-02,1.05065286e-01,-2.02921499e-03,-1.10288367e-01,-1.42685259e-02,1.76570281e-01,5.90908378e-02,-4.36768606e-02,-9.70711038e-02,-8.91361665e-03,-8.01469982e-02,-2.45787315e-02
-1.02161005e-01,1.11572184e-01,-1.31563142e-01,-1.30647883e-01,-1.16967343e-01,1.84654653e-01,1.67351291e-01,-1.00459479e-01,1.91182211e-01,-1.55921116e-01,-1.34641379e-01,-2.46087983e-02,-7.28623942e-02,-1.14696786e-01,2.11059563e-02,-1.66541234e-01,6.09703250e-02,1.03040978e-01,2.17604190e-01,1.33301795e-01
-3.54405046e-02,1.05708562e-01,-1.82035029e-01,-1.03312984e-01,-6.31250441e-02,-1.16499811e-01,-2.39256094e-03,1.32693410e-01,1.94564629e-02,8.15013051e-02,-1.59377337e-01,7.30006099e-02,-1.89845443e-01,-5.22924364e-02,-1.95370167e-01,-2.99493223e-02,-1.49223208e-02,6.29035309e-02,-1.33530619e-02,1.04050986e-01
-1.46311671e-01,7.80904517e-02,-1.51286781e-01,1.48181528e-01,-1.56977512e-02,9.85208377e-02,-7.78308511e-02,1.14933476e-01,1.55473864e-02,-1.93850443e-01,-1.55371428e-01,-1.00284070e-01,2.59735174e-02,-3.80746610e-02,-6.10606521e-02,1.44257665e-01,4.64448556e-02,-1.39374174e-02,-1.13812357e-01,1.12112045e-01
-1.53080180e-01,-9.61813852e-02,9.28477570e-02,1.95340648e-01,1.45349413e-01,-1.20340563e-01,1.90661788e-01,-9.92404744e-02,-7.66027346e-02,4.29444015e-02,-7.72066787e-02,-1.92063347e-01,1.13301463e-01,-6.88795699e-03,-1.57661170e-01,1.32074729e-01,-1.13065206e-01,1.31916195e-01,2.31929068e-02,-1.31955653e-01
-7.01918155e-02,1.07243219e-02,-1.53171927e-01,7.05307052e-02,1.61841124e-01,1.70109361e-01,1.71305701e-01,-1.70838073e-01,1.24923982e-01,1.48742244e-01,-1.77626133e-01,-1.06429271e-01,4.19898629e-02,-1.21193239e-02,7.33579472e-02,-1.85754389e-01,-1.32574737e-01,-2.44363174e-02,-1.73873782e-01,-1.36535302e-01
1.20714940e-01,1.45097643e-01,-2.30656527e-02,-8.95166621e-02,-1.10662930e-01,-1.99314207e-01,3.48784924e-02,9.87017974e-02,1.62008539e-01,6.58599064e-02,-1.98201060e-01,-9.33282897e-02,-1.52272373e-01,1.27811626e-01,7.46416822e-02,8.92692506e-02,-1.37410549e-04,-2.10502997e-01,1.12679064e-01,-2.26718694e-01
1.93179071e-01,-1.81747988e-01,9.37633738e-02,1.85763046e-01,1.31060794e-01,2.53524184e-02,1.13731004e-01,1.02166228e-01,2.29102783e-02,-1.20055363e-01,-8.80121961e-02,-1.96687549e-01,-1.42119914e-01,1.57730252e-01,1.54310353e-02,-1.51022851e-01,-9.20607001e-02,-7.37531930e-02,1.84649050e-01,5.56046069e-02
1.56066880e-01,-1.36923313e-01,-2.18493864e-01,-4.49859584e-03,1.18714245e-02,-1.10605963e-01,1.99879870e-01,8.99478644e-02,1.92182243e-01,1.67273074e-01,3.47651355e-02,1.92552861e-02,-4.03587967e-02,-1.60036549e-01,-2.00890347e-01,-1.91690013e-01,1.34717166e-01,-2.07618460e-01,-1.09958708e-01,1.03528528e-02
2.08527353e-02,2.04134852e-01,4.67389673e-02,9.95137021e-02,1.19312488e-01,-7.58092478e-02,-2.77773309e-02,-1.14521548e-01,-3.82626541e-02,-2.02016935e-01,-7.40038082e-02,1.57038718e-01,-6.14204397e-03,-1.86251312e-01,-1.80726554e-02,2.11943109e-02,1.58170313e-01,1.77807182e-01,-1.19787291e-01,-1.31159529e-01
1.52324259e-01,1.54785261e-01,-1.18061796e-01,1.85134947e-01,-1.68726563e-01,2.11199537e-01,-1.19808912e-01,-6.30318886e-03,-1.43637791e-01,1.60246063e-02,5.20113856e-02,-9.81331095e-02,1.53749347e-01,-1.47819638e-01,1.13131262e-01,-1.18562989e-01,-9.56944078e-02,-1.80087928e-02,2.07703695e-01,1.90812759e-02
4.93664071e-02,3.11995838e-02,9.16476101e-02,7.45258480e-02,-4.51001078e-02,-1.98285431e-01,1.24002092e-01,1.04006782e-01,-5.88471442e-02,1.29620641e-01,1.18296921e-01,-3.02257687e-02,-1.04813650e-01,-1.14449583e-01,7.77241290e-02,-1.97100759e-01,2.85386518e-02,-2.00474650e-01,-5.13136052e-02,-1.25505164e-01
-4.16790619e-02,-8.31084326e-02,4.45517078e-02,1.00504933e-02,-5.91684394e-02,-8.41414034e-02,-5.36315292e-02,2.15295210e-01,2.07124993e-01,1.43637985e-01,1.89343765e-01,1.31539881e-01,-9.87176225e-02,1.73420712e-01,2.06099197e-01,-6.15857504e-02,-5.42857610e-02,-1.41852021e-01,1.00722201e-01,8.93015340e-02
-7.21992552e-03,2.20099930e-02,-1.81645751e-01,-9.61003006e-02,6.80479631e-02,-1.76100552e-01,-1.09963037e-01,-2.00015008e-01,1.21876173e-01,-1.06862567e-01,1.08587325e-01,1.44087002e-01,-7.78458342e-02,3.32982168e-02,5.15832715e-02,9.71151292e-02,3.49333175e-02,-4.34709340e-02,-8.33504274e-02,-1.79596052e-01
-1.78137422e-01,-1.51926473e-01,3.27615738e-02,1.22851349e-01,1.26293879e-02,-9.22569409e-02,-2.06023261e-01,-1.11578465e-01,-1.87968358e-01,-2.05093503e-01,-9.33308601e-02,-7.66802728e-02,1.01845324e-01,-1.10416654e-02,-1.14219062e-01,-1.01470783e-01,-1.21137813e-01,1.52996480e-01,9.44133103e-02,9.00736973e-02
1.52395308e-01,-1.61693871e-01,1.22364640e-01,-4.02268730e-02,1.20543368e-01,2.76394654e-03,1.89552099e-01,-1.53674781e-02,-1.02431722e-01,1.55114397e-01,-1.81530267e-01,-1.68601677e-01,9.41108353e-03,6.51121289e-02,1.49674311e-01,3.39785516e-02,-1.42359853e-01,-1.72735393e-01,-1.08404301e-01,-1.99629635e-01
1.27041131e-01,-1.27304405e-01,-1.28590897e-01,6.51180521e-02,-1.12641668e-02,1.69597641e-01,-1.51704058e-01,-1.78578466e-01,-1.64964065e-01,2.44559674e-03,-3.76572721e-02,3.70344482e-02,1.83262601e-01,-1.14020286e-02,2.06240058e-01,3.92106809e-02,1.15599811e-01,-1.66879624e-01,2.08780870e-01,-1.44944966e-01
1.08581163e-01,1.60504758e-01,6.10965602e-02,-1.82122484e-01,8.74378309e-02,-1.91957027e-01,1.95827544e-01,1.29714802e-01,-1.61465093e-01,9.09924358e-02,-5.14234649e-03,8.21247399e-02,1.94872394e-01,5.59529401e-02,5.83332554e-02,1.31902248e-01,-2.19154712e-02,-1.95919260e-01,7.30741024e-02,-1.42011613e-01
1.38094991e-01,-9.81612429e-02,-2.02157289e-01,-6.04474843e-02,3.89703142e-04,1.62252456e-01,5.74605959e-03,2.00516969e-01,-1.89079463e-01,1.20801060e-02,3.59111205e-02,-1.47225454e-01,-1.94177285e-01,-1.91446152e-02,-8.48272666e-02,1.81568071e-01,-5.96258417e-02,-1.43602282e-01,-2.33308077e-02,-1.62270606e-01
7.99441338e-02,-1.79563463e-01,7.73218200e-02,2.00552419e-01,1.37001336e-01,-2.15340242e-01,3.75139490e-02,-1.96042970e-01,1.67221844e-01,2.18595177e-01,1.05965912e-01,-9.18152649e-03,-1.98052153e-02,1.51137849e-02,2.06780866e-01,-1.98243976e-01,-2.00286075e-01,-1.72510803e-01,-1.01427086e-01,-1.13507442e-01
7.45793013e-03,1.51031941e-01,-1.56204224e-01,1.39232790e-02,3.54141891e-02,-1.50478363e-01,-1.93069279e-01,-3.98567282e-02,-5.75121343e-02,1.08928889e-01,-1.82776339e-02,-1.61134943e-01,1.60230026e-01,-1.75977394e-01,1.21816665e-01,-1.29350526e-02,1.22875152e-02,-1.66165531e-01,-4.84024212e-02,3.97773497e-02
-1.18530311e-01,-1.96778998e-01,-1.49601609e-01,-1.61484852e-01,1.61809877e-01,3.92022952e-02,-1.43806860e-01,1.69200599e-01,2.16540098e-02,-4.60286997e-02,3.51049379e-02,-1.95481241e-01,1.84099287e-01,1.31077180e-02,-1.59961674e-02,3.62631641e-02,-1.53984353e-01,-7.54686743e-02,3.55929323e-02,-1.54521331e-01
7.07442909e-02,-1.05966985e-01,-2.45205481e-02,-1.15344197e-01,-2.07315207e-01,-1.46278828e-01,-2.11321935e-01,7.80613050e-02,-2.12855443e-01,1.71218529e-01,-1.70869321e-01,-6.47326931e-02,-1.62183866e-01,2.18019754e-01,9.46336016e-02,2.14166507e-01,1.55744076e-01,1.07934900e-01,8.91989246e-02,3.81203229e-03
2.01834530e-01,-1.76614493e-01,-2.04578280e-01,-1.07740782e-01,2.03416184e-01,1.76532373e-01,-2.02093467e-01,8.34162235e-02,1.70717061e-01,1.32305160e-01,-1.05568990e-01,-5.41917719e-02,-8.87679309e-02,5.25136536e-04,2.15461805e-01,-9.43126157e-02,-6.44292533e-02,-4.81865481e-02,-1.69128537e-01,6.58890186e-03
-1.59394845e-01,-7.36713335e-02,1.66647986e-01,-1.34881111e-02,2.73103435e-02,1.70782864e-01,1.49078101e-01,1.61821008e-01,-1.38242558e-01,-7.11464211e-02,-1.74342394e-01,-1.39774084e-01,1.37905821e-01,5.21701202e-02,1.91698462e-01,-9.31263641e-02,-2.13421565e-02,-4.96814772e-02,1.14262603e-01,1.07015043e-01
6.00345321e-02,-1.48004428e-01,9.03786048e-02,-1.55102625e-01,1.38590589e-01,-1.53623104e-01,3.56897227e-02,1.28753647e-01,-8.62778053e-02,-7.21863806e-02,-1.24552459e-01,1.59343526e-01,-9.80868191e-02,6.28673732e-02,-1.09685309e-01,2.83204671e-02,4.02892716e-02,-1.74677894e-01,-5.78266829e-02,-7.99297094e-02
-1.35750592e-01,-6.44949684e-03,1.50194585e-01,-4.21221033e-02,7.27524012e-02,1.33521199e-01,-9.49979872e-02,-1.77434221e-01,-5.26331030e-02,-1.05897360e-01,4.19003032e-02,1.13225944e-01,-5.40292636e-02,-9.90671739e-02,1.92144111e-01,3.85604240e-02,-1.63133107e-02,7.50993714e-02,-1.98842764e-01,-3.88177410e-02
1.08152755e-01,1.15011193e-01,9.03983265e-02,-1.86273515e-01,-1.19907418e-02,-8.85266811e-02,-1.58992074e-02,7.04104751e-02,-1.99753910e-01,-1.71378121e-01,1.16499905e-02,-3.82817388e-02,4.06226963e-02,2.66213249e-02,6.17768653e-02,-1.09676719e-01,-2.24991273e-02,-8.45264830e-03,9.18127149e-02,-1.27264872e-01
-1.21564455e-01,-4.46789004e-02,1.17547408e-01,1.49168205e-02,-1.12992771e-01,1.36477634e-01,1.39988124e-01,-2.13513583e-01,1.27378941e-01,5.56099154e-02,1.11365460e-01,9.99486595e-02,-2.59237480e-03,4.22353521e-02,-2.17706248e-01,1.71845078e-01,-1.45888804e-02,1.05524942e-01,-2.09130466e-01,-4.70319241e-02
3.45533788e-02,7.84209669e-02,-1.85907334e-02,1.33427218e-01,1.22768149e-01,-5.10147437e-02,-5.72782271e-02,1.03262886e-01,-1.78589791e-01,1.15199491e-01,2.06227630e-01,-1.76694110e-01,-1.78894967e-01,-7.61674270e-02,-2.25619182e-01,4.21593599e-02,6.70097619e-02,-1.81695983e-01,1.63758337e-01,-1.13191053e-01
-1.19719818e-01,-9.66119841e-02,-1.99930862e-01,-2.09799185e-01,1.81625634e-01,1.20181546e-01,-1.31600231e-01,1.41803592e-01,2.14882404e-01,5.09875603e-02,-1.42366454e-01,1.96859300e-01,-3.82957309e-02,1.71795130e-01,1.13639079e-01,-9.60829109e-02,8.22261795e-02,6.08694591e-02,-2.04806551e-01,6.18816651e-02
-1.74408808e-01,8.73283073e-02,9.10925269e-02,4.15496295e-03,8.11736509e-02,-1.83330566e-01,-3.51882428e-02,4.95825447e-02,-1.69027060e-01,-1.57452002e-01,2.06175327e-01,-1.31742597e-01,-2.03327194e-01,-3.79347354e-02,8.17713812e-02,-1.30220324e-01,-1.67148724e-01,3.88909988e-02,-5.03753424e-02,-1.29918069e-01
1.12500034e-01,1.29268896e-02,-5.21705672e-02,-1.91320434e-01,7.70357698e-02,-7.54327402e-02,1.40163049e-01,1.51119545e-01,2.02938944e-01,-1.45584106e-01,-1.37707636e-01,-2.71570943e-02,1.89852789e-01,-7.06058443e-02,-5.41317686e-02,7.24866688e-02,5.53181991e-02,2.13273495e-01,2.15793625e-01,2.04959676e-01
8.17479752e-03,1.82659313e-01,-4.17688340e-02,-1.54308185e-01,-5.76765947e-02,-1.55186102e-01,1.00566953e-01,1.65303886e-01,-9.25748199e-02,6.12435024e-03,4.50048000e-02,-2.03072488e-01,-9.64394659e-02,9.84733850e-02,-7.66349435e-02,-1.44718915e-01,9.49664861e-02,1.90149676e-02,-7.56334141e-02,4.97042462e-02
-5.03266156e-02,3.19252200e-02,2.40933280e-02,-1.13304570e-01,1.77395105e-01,1.48235142e-01,8.01626518e-02,3.89704444e-02,1.32635668e-01,1.28020614e-01,4.83399630e-02,1.58936650e-01,-9.57189426e-02,-2.51215752e-02,-2.23002240e-01,-2.15045094e-01,1.13594383e-01,-3.61759737e-02,-1.49448350e-01,-1.96287408e-01
-5.10144122e-02,-1.85334012e-01,-1.26958853e-02,-2.05088302e-01,-1.44613340e-01,-1.66378081e-01,8.10795724e-02,-7.87959769e-02,7.20936954e-02,-1.87120866e-02,1.44549668e-01,-2.44714953e-02,-1.86558768e-01,6.56074658e-02,6.41666502e-02,6.25662431e-02,-8.02705158e-03,-1.13892414e-01,1.42083168e-01,-1.61339670e-01
2.11333394e-01,1.90797091e-01,-1.86527465e-02,-5.00942580e-02,-1.31507918e-01,4.49071750e-02,5.58584630e-02,-1.19405247e-01,1.13454491e-01,2.07156211e-01,2.05654651e-01,-1.58461444e-02,-1.68724149e-01,2.03909025e-01,1.96783289e-01,1.68287635e-01,1.88119784e-01,5.70858307e-02,1.04855768e-01,7.12951720e-02
-1.34123057e-01,-2.04552695e-01,7.21736327e-02,5.30669801e-02,7.34005645e-02,-1.10861398e-01,1.10907815e-02,-8.14692080e-02,6.89176768e-02,-1.66400403e-01,9.30756796e-03,2.02975914e-01,6.58476800e-02,-2.98241843e-02,6.63459301e-03,-8.06651488e-02,-2.02978790e-01,1.90144703e-01,-1.88745111e-02,-1.12095416e-01
1.70274362e-01,-1.05318710e-01,-1.94666684e-01,2.79885642e-02,1.82194114e-01,1.51798412e-01,-1.89276665e-01,4.89411689e-02,2.27172710e-02,1.06056482e-01,-1.79704487e-01,-9.54009034e-03,-1.41926765e-01,3.95395495e-02,7.06022158e-02,9.75898355e-02,-1.94545105e-01,-1.17147036e-01,3.27825733e-03,-1.23808548e-01
1.03304759e-01,-4.60346490e-02,1.86449468e-01,-1.98185638e-01,-4.60249409e-02,-1.26142129e-01,1.13178119e-01,-7.26274177e-02,-1.62626237e-01,1.40804693e-01,6.53500035e-02,2.13197738e-01,-1.36572227e-01,-5.52346893e-02,3.62024643e-02,8.33236352e-02,-1.75221607e-01,6.36977702e-02,6.13567680e-02,1.96383238e-01
7.20987469e-02,-1.98890835e-01,-1.54287472e-01,-2.02120040e-02,-1.01959407e-01,-2.03720317e-03,-7.83663914e-02,1.88710410e-02,-1.79391459e-01,-9.24144834e-02,-1.33234099e-01,-7.83641040e-02,-1.60246938e-01,-1.44379169e-01,6.90576583e-02,1.84686005e-01,-1.05902385e-02,1.02466330e-01,-1.83093637e-01,1.66960940e-01
6.64902478e-02,5.83640151e-02,1.56282950e-02,1.82101503e-01,8.36672708e-02,-5.24355657e-02,-7.63780251e-02,-1.55395553e-01,-1.71048909e-01,-9.54032969e-03,-5.18962443e-02,1.50166661e-01,-1.98584571e-01,1.52558506e-01,1.50197148e-01,1.53454602e-01,-8.19602981e-02,3.01941223e-02,-1.08148851e-01,1.33560166e-01
6.58840016e-02,-8.03751051e-02,-3.08319665e-02,1.71051342e-02,1.97363030e-02,8.35031446e-04,6.69271871e-02,-1.40889093e-01,-2.83028614e-02,-1.67272240e-01,-1.86915278e-01,1.71210840e-01,8.03486034e-02,-1.47008643e-01,-1.54576272e-01,-1.12108417e-01,-1.46313936e-01,-1.75029069e-01,-9.16177779e-02,1.94142953e-01
1.75974876e-01,-9.04146656e-02,-1.88165858e-01,-6.68922020e-03,3.09138447e-02,-1.62244231e-01,-6.61243731e-03,-9.05186683e-02,6.73601925e-02,-1.22134604e-01,-1.90982983e-01,1.09769320e-02,4.41366807e-02,1.21342815e-01,6.57332167e-02,1.64323658e-01,-5.47648929e-02,-1.88248649e-01,2.81422287e-02,-1.45397365e-01
2.85839215e-02,8.68348330e-02,1.15566127e-01,-1.66830942e-01,6.08152747e-02,-3.56899425e-02,-3.88218500e-02,6.85224384e-02,-1.86790526e-01,-1.70036972e-01,-1.98067933e-01,1.97242424e-01,3.26185860e-02,-1.78641990e-01,1.97927892e-01,6.15825243e-02,-5.39480858e-02,1.07777953e-01,8.77100080e-02,-1.63521111e-01
8.16866457e-02,-1.56550631e-01,1.95099920e-01,-8.42734873e-02,-3.37533094e-03,6.90830201e-02,-1.22136056e-01,-1.35424778e-01,-1.03769831e-01,-2.01061979e-01,1.71578020e-01,1.66769326e-01,-2.06744194e-01,-1.41195511e-03,-6.98756278e-02,-1.13878548e-01,9.86564606e-02,2.84782723e-02,-1.21433735e-01,1.33943021e-01
-1.69408306e-01,-1.72272846e-01,-6.91778213e-02,-1.22250803e-02,-1.29653752e-01,1.39194936e-01,-1.05677254e-01,-6.02753647e-02,-7.06669763e-02,7.44128153e-02,-9.19429436e-02,-3.21225077e-02,-8.20524693e-02,-9.39025506e-02,2.96054445e-02,3.91863883e-02,-1.75232694e-01,1.15928128e-01,1.70291319e-01,3.53908278e-02

