-7.69196749e-02,-1.38207346e-01,-7.48152938e-03,-7.10271597e-02,2.61032358e-02,-5.18475771e-02,-1.92142442e-01,-7.25774765e-02,-3.57806422e-02,1.44944549e-01,9.43540316e-03,-1.27567165e-02,-1.96830016e-02,4.80411127e-02,-1.40286773e-01,-9.51866582e-02,5.11024520e-02,-4.12353501e-02,5.65450527e-02,1.11270800e-01
-1.80701971e-01,5.31002656e-02,-1.39148697e-01,1.82630971e-01,-8.08577463e-02,1.64503649e-01,-1.16338849e-01,2.90935393e-02,1.92725599e-01,-3.24723534e-02,-1.59701660e-01,2.02086583e-01,1.30557418e-01,8.80233049e-02,9.43395309e-03,7.04618962e-03,-1.33346066e-01,-1.48547828e-01,7.49991601e-03,-8.39406028e-02
8.94249082e-02,-1.19381383e-01,-1.60562158e-01,1.60626322e-01,1.23056136e-01,3.40500362e-02,-3.39811854e-02,-1.44990519e-01,-1.20281145e-01,-1.98141545e-01,1.62619680e-01,2.19885141e-01,-9.52490270e-02,6.95991516e-02,1.66992489e-02,6.57238206e-03,1.53826624e-01,-1.67057842e-01,-1.83634549e-01,1.55137898e-02
1.80288106e-01,-2.25450322e-01,9.41496417e-02,-1.80863231e-01,-1.48021504e-01,-9.23235044e-02,-1.29388347e-01,1.37750655e-01,-3.50928195e-02,-1.98535800e-01,1.86734423e-02,1.80294961e-01,-8.75787437e-02,1.87113136e-01,-2.87341662e-02,1.40373617e-01,8.11050311e-02,1.87582016e-01,1.36846667e-02,3.65759656e-02
-1.45057529e-01,6.44941777e-02,6.05259649e-02,-1.96895152e-01,-1.72400549e-01,1.40110388e-01,8.23635161e-02,1.20423034e-01,1.06619820e-02,4.91689257e-02,-1.06435508e-01,-4.34179530e-02,4.33941139e-03,1.22108646e-01,1.54794350e-01,-1.57018453e-02,2.17632189e-01,-2.61198543e-02,-1.93727806e-01,-3.96650657e-02
1.09528765e-01,-2.46305857e-02,-3.92417274e-02,-1.71421826e-01,-6.15341030e-03,2.93521695e-02,1.12723969e-02,1.85861185e-01,-1.53784156e-01,-5.77191859e-02,-1.46038353e-01,-1.02536947e-01,1.72459841e-01,-2.32261121e-02,-3.51942554e-02,1.35508820e-01,-1.73820883e-01,1.39418781e-01,1.80133179e-01,-1.61115751e-01
6.78984448e-02,9.87890959e-02,1.93496384e-02,7.83037022e-02,3.41636501e-02,-3.80214714e-02,-1.13782071e-01,-2.02739701e-01,-1.07606083e-01,9.37211141e-02,2.91597042e-02,-1.88376419e-02,-1.64985538e-01,-7.26113766e-02,-6.43548295e-02,-1.47058666e-01,1.48183033e-01,1.79053381e-01,1.99597105e-01,-1.56900778e-01
3.43801156e-02,-4.90884930e-02,-2.02352807e-01,-2.90946793e-02,1.33401183e-02,-1.98895037e-01,-5.00011593e-02,-8.42758492e-02,-8.32779612e-03,1.09736741e-01,-1.34519398e-01,-1.52733386e-01,-1.32255077e-01,-7.14672729e-02,-9.24681500e-02,9.76986140e-02,4.40638140e-03,6.80088550e-02,-7.60222897e-02,-2.80735381e-02
-7.98126310e-02,-2.00328808e-02,-1.25206500e-01,1.50190722e-02,1.50651425e-01,-7.38139823e-02,-1.83093071e-01,1.03564233e-01,2.18375087e-01,1.13549776e-01,-1.58377320e-01,-2.81614326e-02,-8.43784660e-02,-2.68680397e-02,-1.07306503e-01,2.14879289e-01,1.90934718e-01,1.19918667e-01,-1.62345216e-01,-6.85310215e-02
-3.46246897e-03,4.80475053e-02,1.68035448e-01,8.83356482e-02,1.05781116e-01,-4.48676869e-02,4.87772524e-02,-3.04854047e-02,1.62480488e-01,1.42993316e-01,2.77798567e-02,-1.69729948e-01,1.78629994e-01,-1.92216948e-01,-1.94270119e-01,-1.82241216e-01,-1.10695094e-01,5.92882074e-02,-1.84984431e-01,-1.27742872e-01
-6.38674423e-02,-1.75547913e-01,-1.39349610e-01,-1.90607697e-01,-8.46464336e-02,-1.96757048e-01,-1.90425962e-01,-5.91330938e-02,-8.83859210e-03,-1.40706748e-02,8.74161646e-02,6.65175617e-02,-4.43997607e-02,-1.31800607e-01,1.04529686e-01,1.24429196e-01,-6.02469854e-02,1.77109450e-01,1.83358461e-01,1.93578318e-01
-2.06800383e-02,7.73473531e-02,1.06636398e-01,1.97577804e-01,-1.20834604e-01,1.07411370e-01,3.00231911e-02,-1.52373344e-01,8.35210383e-02,1.23097584e-01,6.20724484e-02,1.83631033e-01,5.14206365e-02,-1.32749304e-01,2.73136199e-02,-5.62318191e-02,1.54165134e-01,1.29793778e-01,-1.28410786e-01,1.10461684e-02
-9.72111598e-02,-5.48743866e-02,6.83218464e-02,-3.12886499e-02,-1.17624896e-02,3.62905897e-02,-1.62822813e-01,-7.05740154e-02,6.92634806e-02,4.80236895e-02,-8.64873379e-02,-1.06019512e-01,8.95988047e-02,1.33045822e-01,1.14851892e-02,4.64347303e-02,-9.33945030e-02,9.87801999e-02,-2.00633302e-01,1.07645057e-02
8.60435590e-02,1.70025572e-01,1.05786309e-01,-1.74902126e-01,-9.38298330e-02,6.10333830e-02,-3.49222496e-02,-1.71475977e-01,-1.01188973e-01,-3.95124368e-02,-9.74803604e-03,-8.46402049e-02,-1.96491629e-01,4.19885516e-02,-1.05879426e-01,-1.27431259e-01,-1.19420767e-01,-1.97052121e-01,-1.78129658e-01,-6.19676709e-02
-1.22813601e-02,-2.23204605e-02,6.98703453e-02,2.29310021e-02,-2.06012696e-01,4.38339040e-02,-1.77537516e-01,-1.30130515e-01,1.91771761e-01,-3.93012725e-02,4.46280539e-02,-5.28652407e-02,-2.40616985e-02,1.76414236e-01,-1.75678909e-01,-1.49550959e-01,2.03414410e-01,-1.30371377e-01,2.20069259e-01,-1.90650746e-01
1.47151068e-01,-1.90535560e-01,-6.38668537e-02,-1.58388674e-01,-1.09748356e-03,1.44868761e-01,-1.96254086e-02,-1.26874372e-01,4.37650792e-02,-1.10876203e-01,-1.50923118e-01,-1.63181677e-01,1.51490271e-01,1.45877302e-01,-8.51088166e-02,-1.15056835e-01,1.56074613e-01,-4.21465747e-02,-8.75399262e-02,-5.71011826e-02
1.87467262e-01,-6.46707118e-02,1.11225471e-01,1.20015498e-02,-1.91274099e-02,-1.78823560e-01,6.60909265e-02,-8.55929591e-03,-1.38303652e-01,-9.70993191e-02,1.13349203e-02,-8.27305838e-02,-1.74647477e-02,-1.46030471e-01,-8.78349319e-02,-9.79989246e-02,1.01309061e-01,-1.40721938e-02,1.19325459e-01,1.14186704e-01
6.96742237e-02,7.41835311e-02,2.76285615e-02,-1.92051232e-01,-1.04772016e-01,4.54184320e-03,-1.66576579e-01,1.90529257e-01,-7.91311339e-02,-6.06495813e-02,3.81486267e-02,1.18575387e-01,1.19536638e-01,7.14371279e-02,-8.89806896e-02,-6.70668185e-02,-6.55412003e-02,1.87916413e-01,-1.19767882e-01,5.35127707e-02
-1.20589777e-03,-1.00638598e-01,1.82359532e-01,-4.65229005e-02,1.79338232e-01,9.14899111e-02,-1.73124149e-01,2.66794283e-02,5.79765029e-02,1.02905937e-01,-6.12886697e-02,5.28851897e-02,-3.70577462e-02,1.13752529e-01,1.95324957e-01,8.97787660e-02,-1.41351834e-01,1.13591880e-01,-7.48494491e-02,1.69848219e-01
2.16002271e-01,1.66696593e-01,-1.16786883e-04,1.55090243e-02,-8.34637731e-02,-6.51022606e-03,-6.84752464e-02,3.25173885e-02,-1.37293652e-01,2.05318466e-01,1.18908741e-01,2.14610040e-01,-6.49383990e-03,1.90426126e-01,-2.10995913e-01,4.03302945e-02,1.36452109e-01,-1.03012420e-01,1.48564493e-02,2.05446124e-01
1.23366468e-01,-1.56820700e-01,6.21287338e-02,1.06268518e-01,-9.33431983e-02,-6.13781177e-02,2.72383783e-02,1.89168498e-01,-1.26093343e-01,9.88178924e-02,1.74407005e-01,5.88100702e-02,6.56110875e-04,8.16344544e-02,-8.66824985e-02,-1.24299668e-01,-1.19147506e-02,-2.00867712e-01,1.72691658e-01,1.34043649e-01
-1.99910402e-01,-1.13798492e-01,-1.80224240e-01,2.00730446e-03,1.20440982e-01,1.56183437e-01,1.26338854e-01,-1.03809305e-01,8.99419785e-02,4.60630395e-02,1.17321037e-01,1.29570365e-01,-1.50071576e-01,5.82762584e-02,1.79487169e-01,-1.41730115e-01,-1.80566519e-01,1.45695237e-02,-5.42576946e-02,2.23461166e-01
-9.25349891e-02,1.88785493e-01,-1.09163756e-02,1.35697168e-03,3.73207442e-02,7.52449408e-02,-8.00607353e-02,1.16689496e-01,-1.25648007e-01,1.42015830e-01,-3.13767418e-02,1.24090217e-01,-1.15122594e-01,3.99130993e-02,-1.11683324e-01,-3.23005184e-03,1.07016452e-01,8.77958387e-02,-1.98115990e-01,-1.94141760e-01
-1.14921220e-01,-1.53838471e-01,2.23398805e-01,-4.73623648e-02,2.11648494e-01,-2.23309070e-01,-1.08475588e-01,-4.62942868e-02,7.20670521e-02,-1.89816654e-01,7.62125626e-02,7.58251771e-02,2.04084143e-01,-1.02508210e-01,-9.86396968e-02,8.29251632e-02,1.34472385e-01,1.07338525e-01,1.83759362e-01,-1.49817050e-01
2.10502684e-01,-1.44353345e-01,-4.67750542e-02,1.37178265e-02,-9.21711102e-02,1.87585145e-01,1.69130698e-01,1.29432511e-02,3.11107505e-02,-2.35745851e-02,-3.26011442e-02,-1.26898408e-01,-1.19061850e-01,7.17755333e-02,8.50457400e-02,1.26573041e-01,-1.68741405e-01,8.35619196e-02,-5.21540754e-02,-2.20052108e-01
-1.43072695e-01,1.88153267e-01,1.55351922e-01,1.96225718e-01,-5.05548529e-03,-1.47527128e-01,1.19977392e-01,-7.26870075e-02,2.06812605e-01,-4.65160385e-02,-8.31910819e-02,-1.67480841e-01,-1.38675734e-01,3.41828279e-02,1.85192540e-01,2.40625367e-02,1.05614280e-02,-1.55683681e-01,-1.89048901e-01,-2.03675523e-01
1.94008783e-01,1.48648039e-01,2.22484767e-03,-5.52598340e-03,-2.40074135e-02,1.12370960e-01,1.36523277e-01,2.11542726e-01,-1.93724528e-01,1.40969679e-01,1.68129146e-01,7.86966085e-02,4.08418812e-02,7.11347461e-02,-9.64119658e-02,-3.08927856e-02,-2.75279041e-02,1.88226432e-01,-1.71344355e-01,2.15063885e-01
9.90144722e-03,-2.02987567e-01,1.98779777e-01,-1.82284474e-01,2.21939050e-02,8.14366192e-02,-1.50551453e-01,-1.00180201e-01,-1.66129321e-01,-1.59911849e-02,-4.64840559e-03,4.23896648e-02,-3.86787578e-02,-6.11951910e-02,2.02733979e-01,-1.38386086e-01,2.69928500e-02,-5.03462702e-02,-2.04379559e-01,-9.73698422e-02
1.68116435e-01,-1.75924242e-01,7.96323344e-02,1.15726888e-01,-2.05531925e-01,-9.66326892e-03,-1.08437225e-01,-3.22119892e-02,8.30020979e-02,-1.18391007e-01,6.17567524e-02,-1.91587076e-01,6.75258040e-02,-4.06200513e-02,1.39310107e-01,-2.36800052e-02,-8.27929676e-02,-1.02545105e-01,5.58435209e-02,1.01590484e-01
-4.63040881e-02,-4.40959856e-02,-1.98682219e-01,8.41589458e-03,1.00866273e-01,-4.33810689e-02,-1.30263463e-01,1.91229254e-01,-1.81527659e-01,1.99231699e-01,-1.92727342e-01,1.25675768e-01,-1.60440326e-01,1.49907976e-01,1.21521153e-01,-1.71766937e-01,4.60815653e-02,1.54636204e-01,2.51993667e-02,-1.67893037e-01
-2.03081906e-01,1.93774909e-01,-1.22283302e-01,9.00394544e-02,4.19774018e-02,1.96500763e-01,-1.68316811e-01,-1.36464775e-01,1.38291404e-01,9.31183025e-02,1.24915376e-01,1.28001884e-01,2.19397306e-01,1.29952788e-01,2.22788543e-01,-1.20289564e-01,-1.81107849e-01,2.11506292e-01,1.80503175e-01,-7.37589896e-02
-1.36261538e-01,1.97915584e-01,5.53648509e-02,-6.34443685e-02,-1.04862429e-01,-8.12687427e-02,-4.85562868e-02,1.39751956e-01,-4.42762226e-02,1.35456651e-01,-2.53095627e-02,1.23230159e-01,1.02218233e-01,-1.85876161e-01,5.21587916e-02,-1.79677114e-01,1.52757941e-02,-1.43361568e-01,1.64080888e-01,-1.55478746e-01
-1.01599628e-02,-1.72570333e-01,9.66523290e-02,-1.64258048e-01,-2.06109047e-01,-2.02294618e-01,-1.27029732e-01,-8.59083310e-02,1.32868975e-01,-1.40937641e-01,6.37838850e-03,1.95958719e-01,1.03578478e-01,-1.16552515e-02,-1.88305438e-01,1.34106308e-01,2.12277304e-02,2.88015362e-02,7.45195970e-02,1.99938029e-01
-1.93618551e-01,-9.08979587e-03,-1.68768495e-01,6.31922781e-02,-2.04167172e-01,1.83546077e-02,-1.81830630e-01,-3.47701386e-02,-1.49464190e-01,-3.83933261e-02,-1.40430018e-01,-1.63820341e-01,-5.40423729e-02,1.81768164e-01,-5.85930087e-02,-1.75517976e-01,2.52740202e-03,-1.56381726e-01,-4.04391671e-03,-9.23441648e-02
1.82368785e-01,1.31166339e-01,1.75486937e-01,-5.53741828e-02,1.22874796e-01,-2.02031776e-01,-5.42761423e-02,2.12858647e-01,-1.60581589e-01,-9.48763341e-02,3.62652168e-03,-1.02957584e-01,-6.64398000e-02,1.34759128e-01,6.30532950e-02,-6.19410314e-02,6.49838895e-02,-1.19898640e-01,-8.76895040e-02,7.48029649e-02
1.01795122e-01,-9.55417007e-02,-6.14088178e-02,-1.71341792e-01,4.87920195e-02,-4.45358381e-02,-1.10857822e-01,-1.64124832e-01,1.72402754e-01,1.78070124e-02,7.84790963e-02,-2.01741487e-01,-6.55886345e-03,-2.71432940e-02,-1.52294904e-01,-9.00658071e-02,2.59789303e-02,1.00187130e-01,3.79564129e-02,-6.20187260e-02
-8.24588314e-02,-7.03137070e-02,-2.92975418e-02,1.83507785e-01,-6.76484853e-02,1.49589002e-01,1.04058767e-02,1.98684946e-01,-1.11935683e-01,4.07101773e-02,6.96813688e-02,-1.87957630e-01,1.97146684e-01,1.28575236e-01,3.37620340e-02,-5.39881662e-02,-1.85487390e-01,9.76772532e-02,2.14002609e-01,1.41395852e-01
-1.37273729e-01,1.70222998e-01,-1.96807757e-01,-6.82470575e-02,2.32707965e-03,1.35219827e-01,-1.38003483e-01,-8.47219676e-02,-7.34657943e-02,-2.78853849e-02,1.09785199e-01,-4.93322909e-02,-3.92545462e-02,1.80637896e-01,1.45467982e-01,5.37271537e-02,1.23426087e-01,2.07347870e-01,1.50463969e-01,1.75895438e-01
-1.27529204e-01,-1.44571781e-01,1.06477350e-01,1.40240043e-01,2.01048762e-01,1.13179861e-02,3.69628295e-02,-4.48216759e-02,-8.52905028e-03,8.27016085e-02,-1.05206907e-01,-3.41993049e-02,-1.58419609e-01,-1.34123728e-01,-1.09772623e-01,2.21471880e-02,1.12673201e-01,3.48168910e-02,4.17713658e-04,-1.83642820e-01
-2.16383547e-01,8.93980935e-02,-9.18851886e-03,1.76697239e-01,-8.73158947e-02,-1.51723772e-01,1.14340179e-01,1.22443177e-01,2.75742691e-02,5.99863529e-02,2.67518964e-02,-1.69527695e-01,-2.19792306e-01,4.30573635e-02,-1.31758422e-01,-1.19366292e-02,-1.01298600e-01,-1.88690767e-01,-1.74008995e-01,2.15338424e-01
2.72476859e-02,-6.05471469e-02,-1.51553690e-01,-1.34609744e-01,1.82092160e-01,-1.12025708e-01,1.18069172e-01,-6.10992387e-02,1.92710057e-01,-1.13721170e-01,-1.00507149e-02,-1.53823316e-01,-3.73565033e-02,1.25666127e-01,6.41411692e-02,-1.74602479e-01,-8.64153057e-02,-1.23460546e-01,8.28546584e-02,-1.36127248e-01
-1.36943474e-01,2.60867812e-02,-6.41321018e-02,-1.31144255e-01,-1.25635773e-01,1.05856366e-01,1.59872100e-01,-5.81276380e-02,1.53500542e-01,-1.89526901e-01,-4.22294848e-02,-3.50696221e-03,1.29106760e-01,1.14377238e-01,4.97199073e-02,-1.23770930e-01,-1.31738842e-01,1.67875797e-01,-2.03865826e-01,-2.00987995e-01
1.54659397e-03,-4.92203198e-02,-2.27084979e-02,-1.19657032e-01,1.87096387e-01,7.18113631e-02,1.54458448e-01,-1.31638601e-01,1.37988180e-01,5.60299344e-02,-1.05661124e-01,-1.57799423e-01,-1.45373255e-01,-8.69660899e-02,5.75727932e-02,-4.61124927e-02,-5.97369820e-02,-3.52425948e-02,-2.88094021e-02,-3.74000520e-02
-1.32626340e-01,6.63652867e-02,1.77417964e-01,-1.17384687e-01,6.56191334e-02,1.39312655e-01,1.60803422e-01,-9.99191701e-02,5.84404618e-02,-1.66315764e-01,-1.26803577e-01,-1.70500144e-01,1.94088280e-01,6.18976019e-02,1.22918226e-01,1.63364291e-01,1.58031769e-02,-1.60872132e-01,6.50748312e-02,-1.14961006e-01
1.78599447e-01,-8.32600668e-02,1.48822621e-01,1.91479608e-01,-3.88209969e-02,-1.77480757e-01,-5.37311919e-02,1.96689531e-01,1.70035467e-01,1.47662014e-01,-1.02531955e-01,1.55491963e-01,-9.73665621e-03,1.60287917e-01,-2.16059923e-01,4.12199683e-02,1.55380622e-01,2.81202234e-02,-1.96194515e-01,-1.38222352e-01
-5.97252063e-02,1.16899490e-01,4.93334606e-02,8.00595582e-02,-1.09146826e-01,1.21007495e-01,-1.79673489e-02,1.21774472e-01,-1.25629127e-01,1.67923152e-01,-5.99971116e-02,-6.90968474e-03,-5.92228509e-02,-4.20300141e-02,-1.77018419e-01,-2.38974318e-02,-1.62197888e-01,-1.24745913e-01,1.81477591e-01,-1.39814124e-01
1.96165964e-01,1.14755362e-01,1.05950631e-01,1.97499633e-01,-1.81242302e-01,2.23489385e-02,-2.07407512e-02,1.34997711e-01,6.23036474e-02,4.13157232e-02,-6.04065768e-02,-1.17669292e-02,7.86008611e-02,-1.97389424e-01,2.00263321e-01,-7.29965344e-02,2.30319668e-02,1.31943733e-01,-1.68081030e-01,-1.43670082e-01
1.00042842e-01,-2.14968130e-01,-3.40529270e-02,-4.44410145e-02,-2.44850386e-02,8.41928124e-02,-3.37335914e-02,7.29741901e-02,1.93667755e-01,-1.97492048e-01,3.38959731e-02,2.21156001e-01,1.41978562e-01,-5.97113222e-02,8.47620144e-02,2.36260792e-04,5.51311336e-02,4.56547551e-02,-1.65982142e-01,-9.54564139e-02
-2.06961185e-01,9.63146314e-02,-2.06719384e-01,-6.05206043e-02,1.90644428e-01,-8.89625326e-02,-1.58669546e-01,-1.88211873e-01,-1.56598657e-01,-6.02307953e-02,-1.94834340e-02,6.48572147e-02,1.90578267e-01,4.12497893e-02,1.84296537e-02,-1.74186990e-01,1.27721518e-01,-1.62691101e-01,8.04050937e-02,1.57195747e-01
-1.90891445e-01,3.12299859e-02,-1.68108359e-01,-7.33189657e-02,-1.30800188e-01,1.11968279e-01,-8.26827735e-02,-6.07104264e-02,2.52863150e-02,3.92460115e-02,2.05045164e-01,-1.13636576e-01,-3.59151363e-02,-1.46469668e-01,1.58292755e-01,-1.79872677e-01,1.11602776e-01,-1.07342705e-01,1.91273421e-01,-1.83534577e-01

